var_index	mse_mean	mse_median	corr_mean	corr_median
0	0.00013921660156471189	0.00012397797122338462	0.99917736339776008769	0.99928280010290215785
1	0.00000316897735607135	0.00000264780628577009	0.99999521146362801982	0.99999614962726735001
2	0.00245361697234625477	0.00240349855211321973	0.99526599096401457967	0.99525010951598580355
3	0.00001106829941219057	0.00001138396092175296	0.99996290591770276013	0.99996131656432396539
4	0.00000164838817743722	0.00000186759548498444	0.99999153989766953465	0.99999021680843025450
5	0.00000109257309747444	0.00000056791878687580	0.99999193200677494175	0.99999696208901212025
6	0.00033113898745520395	0.00025671877391220382	0.99604223097142940979	0.99722367024939839730
7	0.00000204482165030600	0.00000213811493041232	0.99994820982209620119	0.99994636886336452086
8	0.00000158922455362639	0.00000130854451009889	0.99991667161168529265	0.99993504889945938885
9	0.00000330792001467939	0.00000121679006426076	0.99998797131530081650	0.99999593148408916221
10	0.00000028286821991191	0.00000024835196925429	0.99999766133864453899	0.99999759806575450050
11	0.00000000000000000000	0.00000000000000000000	1.00000000000000000000	1.00000000000000000000
12	0.00005770578943125025	0.00006305965946488687	0.99933548257279269933	0.99935220104640887229
13	0.02848949969352515543	0.02793027373894260701	0.87325864707435318923	0.87653460299657159904
14	0.00107017056027555561	0.00083015285843019110	0.96035803423274934687	0.96279901841004322804
15	0.00006856450307968309	0.00002357430422035346	0.99678693422907671540	0.99908345180035895705
16	0.00000254976335201875	0.00000193990253976163	0.99999391856440755788	0.99999541877878017626
17	0.02289005201847765791	0.02395086440361381824	0.94355828340255776254	0.93997942210506990612
18	0.00000159367706995293	0.00000135678397561921	0.99994135179696519433	0.99996165912331380632
19	0.00000808408891958760	0.00000562042054685217	0.99984322987851248499	0.99994813167901375195
