var_index	mse_mean	mse_median	corr_mean	corr_median
0	0.00000036131480024994	0.00000035908454262783	0.99999801631525686574	0.99999808099445341991
1	0.00000009666899512884	0.00000007612574874539	0.99999978524986321560	0.99999986720381528471
2	0.00000113474185976054	0.00000048254326765172	0.99999807548318142558	0.99999914924434030183
3	0.00000082157511073116	0.00000080447784542854	0.99999703698877728808	0.99999722532214585513
4	0.00000021148969447203	0.00000008529903105731	0.99999885196094728812	0.99999940276195964373
5	0.00000027349680832134	0.00000021892125972518	0.99999804211014176047	0.99999866273837501041
6	0.00000023793894980723	0.00000002704604167341	0.99999686852613345334	0.99999962286446741899
7	0.00000035164140132567	0.00000014858035920753	0.99999240169093472907	0.99999674812547012515
8	0.00000004792679463462	0.00000004645971515336	0.99999721190489365696	0.99999780843949970244
9	0.00000007336739693782	0.00000007000315731373	0.99999972456029129209	0.99999971229805406647
10	0.00000003793990448793	0.00000002393899526615	0.99999978756672103231	0.99999982680137200486
11	0.00000408860150081076	0.00000069061112404968	0.99996304162309113117	0.99999574552384418169
12	0.00000407178237616139	0.00000042018735837550	0.99994981231588619952	0.99999558332246429870
13	0.00000030241658414036	0.00000034363263788469	0.99999861316877769468	0.99999853602577726264
14	0.00000321933601748517	0.00000246957797684220	0.99984170904719704698	0.99992398852674568843
15	0.00000026179388324787	0.00000027400051043227	0.99998810530353643422	0.99998888214940229169
16	0.00000015972651346152	0.00000010279690560483	0.99999968261015870219	0.99999972978959816849
17	0.00000059262928543022	0.00000042949101857905	0.99999853160299423394	0.99999949533255527712
18	0.00000006794617859424	0.00000006215473308533	0.99999661234570791368	0.99999731570237682110
19	0.00000033495681934555	0.00000032104694327734	0.99999080235332560296	0.99999210914799263605
