var_index	mse_mean	mse_median	corr_mean	corr_median
0	0.00000089970493045628	0.00000079265512802892	0.99999515136581029751	0.99999531523662277266
1	0.00000007349484007627	0.00000002716573337617	0.99999989785947462906	0.99999993274211962380
2	0.00000180024763259361	0.00000199722989712950	0.99999679375319039387	0.99999649156508096937
3	0.00000103204673555322	0.00000116148166079601	0.99999648888692238557	0.99999633365318185696
4	0.00000044354006954690	0.00000042901534828013	0.99999783402253616948	0.99999787392241179518
5	0.00000027956497085179	0.00000027250652599905	0.99999811458785337059	0.99999806380880640333
6	0.00000003984300175433	0.00000000526370177981	0.99999945176742099928	0.99999993693530253580
7	0.00000009942430287211	0.00000007036961528878	0.99999796083466208074	0.99999849675215723988
8	0.00000005529550111113	0.00000003089390079716	0.99999735723683691457	0.99999814064424241700
9	0.00000014931846803268	0.00000012075665607756	0.99999938781377106789	0.99999956371666320898
10	0.00000004340186292172	0.00000004426731505271	0.99999961920093816126	0.99999966839576437394
11	0.00000066835929416308	0.00000062190767847959	0.99999523228788578244	0.99999534300129599984
12	0.00000125915790960556	0.00000125679518904500	0.99998668832078962954	0.99998670144885359878
13	0.00000028427636139506	0.00000022961213069261	0.99999886911883240082	0.99999907704730595093
14	0.00000053266853998561	0.00000014760677556690	0.99996873450212109269	0.99999380222761291570
15	0.00000040035932857245	0.00000041371326342420	0.99998453260522690567	0.99998766530361160587
16	0.00000031413823390066	0.00000007702026465353	0.99999935095430558807	0.99999983719372886881
17	0.00000231439524007096	0.00000176572820627733	0.99999365967837006153	0.99999571429661171518
18	0.00000004031655292531	0.00000001970885729188	0.99999789430468710716	0.99999886750081667941
19	0.00000021433126578015	0.00000004250760869810	0.99999492365350972634	0.99999908902321854587
