var_index	mse_mean	mse_median	corr_mean	corr_median
0	0.00000426304542315729	0.00000314743129616398	0.99997521601330152663	0.99998019787353720211
1	0.00000080479750042244	0.00000087532404168209	0.99999817426607218174	0.99999804923233803766
2	0.00001029320107377265	0.00000915391193058639	0.99998124518562225838	0.99998407205720174495
3	0.00000112650818760717	0.00000128739965890356	0.99999611475446037456	0.99999628533453899237
4	0.00000137456203423638	0.00000077722844964576	0.99999171119201823998	0.99999596406555202321
5	0.00000069948188849685	0.00000058598240947740	0.99999389408795713585	0.99999616772016830524
6	0.00000192283301014145	0.00000130839201050036	0.99997677125760597860	0.99998734498480867927
7	0.00000234039543887197	0.00000095577947828372	0.99994779565083380390	0.99997916414152931974
8	0.00000018953315046432	0.00000016391751454235	0.99999195553348696475	0.99999242716786818086
9	0.00000178963648914452	0.00000192167420231501	0.99999345967115282896	0.99999294764911006439
10	0.00000025181176425293	0.00000024933065435866	0.99999807006278906840	0.99999827121209539094
11	0.00000072673709814763	0.00000073911612299956	0.99999477196711017424	0.99999487744015491675
12	0.00000086886330860223	0.00000093711383571111	0.99999247926961865041	0.99999237682228925284
13	0.00001135817220060247	0.00001133216929798742	0.99995931355381428851	0.99996793626868551996
14	0.00000815356947954141	0.00000735887016673081	0.99970013954639902476	0.99967786494223032090
15	0.00000181897807670148	0.00000073428116126264	0.99994560272627175390	0.99996910267346716950
16	0.00000237684481990084	0.00000234160730619943	0.99999526907067415316	0.99999541462483665377
17	0.00001395011563716365	0.00000796345876638145	0.99998009196502524176	0.99998772496312038349
18	0.00000038081949759330	0.00000014964215191370	0.99998513045435033497	0.99999428715089766495
19	0.00000027089868208211	0.00000021894964758279	0.99999522283983044435	0.99999484078046618762
