var_index	mse_mean	mse_median	corr_mean	corr_median
0	0.00000013079210435810	0.00000012323823700881	0.99999932548195991089	0.99999936365984332109
1	0.00000032883475079304	0.00000030070921102856	0.99999936167408298715	0.99999950533791936991
2	0.00000254307751524752	0.00000187579821762058	0.99999554583819627585	0.99999676073952681321
3	0.00000095922670774838	0.00000045056936046213	0.99999684833807689355	0.99999841816138479444
4	0.00000012352017379955	0.00000008890232171652	0.99999927230797702737	0.99999951490991700886
5	0.00000024995806726370	0.00000022283001325916	0.99999866425626815492	0.99999863655317322575
6	0.00000014903824065112	0.00000003918520993020	0.99999798485026325512	0.99999950872047027595
7	0.00000003957201470352	0.00000003281691300018	0.99999915328078547994	0.99999924918060523193
8	0.00000005242134598969	0.00000004185517579010	0.99999718353750077782	0.99999752330222901886
9	0.00000011767676221807	0.00000010152420643349	0.99999953751443060312	0.99999965726327588733
10	0.00000004173900577271	0.00000003044516158472	0.99999963781150358333	0.99999972518805979593
11	0.00000062506662517815	0.00000064539930251677	0.99999572938141634282	0.99999543875964069795
12	0.00000133357063499487	0.00000044812299831409	0.99998139972704458422	0.99999575996883260931
13	0.00000018878260797876	0.00000019574630263322	0.99999902885717295575	0.99999908431041983903
14	0.00000266276277513527	0.00000169549186225128	0.99990106744232343239	0.99994010810292754954
15	0.00000061507548904413	0.00000034065424193201	0.99997340626686048726	0.99998943548120333702
16	0.00000053345044690864	0.00000017017475775056	0.99999884243050463084	0.99999970528491477495
17	0.00000733655975693785	0.00000663310075495245	0.99998717291701133547	0.99999010947517419368
18	0.00000002576388113854	0.00000002659765122450	0.99999853000153693383	0.99999869923164874663
19	0.00000020493199900064	0.00000021700745981258	0.99999482904781911152	0.99999665292188111287
