var_index	mse_mean	mse_median	corr_mean	corr_median
0	0.00001085033175541299	0.00000906258644626246	0.99993563310964228563	0.99994419473199946946
1	0.00000099698723117248	0.00000080356871106700	0.99999864888116452022	0.99999877327029329521
2	0.00000508793454517878	0.00000383975092055110	0.99999156187042381738	0.99999324599479755271
3	0.00000246560946252373	0.00000269137629317752	0.99999209226369700776	0.99999006606120133256
4	0.00000089270171296510	0.00000066613188554303	0.99999522111014949033	0.99999625597338259730
5	0.00000122786207315971	0.00000101159597635761	0.99999043311198854145	0.99999329302434769584
6	0.00000107954683717120	0.00000129149812212321	0.99998600859092534598	0.99998577020927459369
7	0.00000221199742013769	0.00000050879089916224	0.99995026659121233337	0.99998676838278321988
8	0.00000005638050770354	0.00000003855706721002	0.99999754584021982584	0.99999821545432188152
9	0.00000131599415093697	0.00000122293841929111	0.99999569632940477071	0.99999588632140390398
10	0.00000017543527079506	0.00000018813797821982	0.99999886875080790105	0.99999897080519062342
11	0.00000105127537094089	0.00000089832603094151	0.99999341975206346156	0.99999395649946742903
12	0.00000165386361156886	0.00000142811648120074	0.99998239543263123252	0.99998845888431020512
13	0.00001080001254130573	0.00000864644994349324	0.99997047852694831427	0.99997132840754154870
14	0.00000457457344298605	0.00000398181000192469	0.99983307811985944191	0.99982498627290561366
15	0.00000030259679781057	0.00000022976478925022	0.99998885580606489132	0.99999007349284307899
16	0.00000233068325721168	0.00000139059954958986	0.99999650367282344465	0.99999758812677153053
17	0.00002489800121063112	0.00003024120139140405	0.99997438494718249302	0.99997345840642548609
18	0.00000023316457579052	0.00000018674596216069	0.99999099558564108481	0.99999235899909333369
19	0.00000031475578196282	0.00000031563922506993	0.99999329455828112057	0.99999308824817145780
