var_index	mse_mean	mse_median	corr_mean	corr_median
0	0.00000049136899820434	0.00000014657538453656	0.99999757160249336252	0.99999920511478102014
1	0.00000007509341286085	0.00000001794088529495	0.99999987014786539952	0.99999995687566678448
2	0.00000168984870513813	0.00000147154422937720	0.99999709244361822957	0.99999740290205862969
3	0.00000091821506301414	0.00000082802478353952	0.99999688511139228630	0.99999719960011779207
4	0.00000039623065370777	0.00000038721957966452	0.99999779874550820402	0.99999794727557667073
5	0.00000018014652642366	0.00000007679865655892	0.99999859191965789762	0.99999949946081834184
6	0.00000002193038636012	0.00000000847178993451	0.99999969240456509922	0.99999989088059448861
7	0.00000011881340549317	0.00000009013919352529	0.99999743439717847515	0.99999804797651625776
8	0.00000003809109012007	0.00000002959918536756	0.99999803308911383581	0.99999803134929576842
9	0.00000008298927266021	0.00000000293556894653	0.99999962826898536328	0.99999998894706232377
10	0.00000004993838013607	0.00000005220102516017	0.99999949141189181656	0.99999964193551327263
11	0.00000061499812504567	0.00000061912820556143	0.99999602317839753063	0.99999610105058245324
12	0.00000114105193897416	0.00000138824212693710	0.99998657298955473394	0.99998315003912452426
13	0.00000019840437762793	0.00000020146706092924	0.99999918321823055845	0.99999912078284114436
14	0.00000023744890967212	0.00000010509367793782	0.99999208677818951507	0.99999494715942072176
15	0.00000022724167464568	0.00000022610700972466	0.99998987377825798717	0.99999223389522429173
16	0.00000058163119660207	0.00000043984801595576	0.99999898609243453862	0.99999947911511244403
17	0.00000350080195304265	0.00000185634502029725	0.99999108218975063522	0.99999498183156432241
18	0.00000002868289957553	0.00000002510423659302	0.99999876234250428819	0.99999863907058705870
19	0.00000021503772145325	0.00000014658698202748	0.99999189810998889705	0.99999609623186935803
