var_index	mse_mean	mse_median	corr_mean	corr_median
0	0.00017038752540151036	0.00014885189066553474	0.99899881727151762512	0.99915432519993718774
1	0.00000319544404645933	0.00000289533950313340	0.99999286058186975801	0.99999338476037535894
2	0.00243643147382490008	0.00240954142267766572	0.99530268701032453826	0.99523213983159053431
3	0.00001701227560658706	0.00001272498271414714	0.99993868571010047219	0.99995538220668445106
4	0.00000671246581052500	0.00000237611411212070	0.99996710557513779349	0.99998827308857651808
5	0.00000122306195394601	0.00000050552868378989	0.99998997903082276206	0.99999677129336173032
6	0.00031122806564630370	0.00026373815105954298	0.99626831588742192913	0.99716719608179205103
7	0.00000233593024880355	0.00000252230056390790	0.99994213236389362098	0.99993815160984544921
8	0.00000257911371282962	0.00000195199336422447	0.99986420801703446148	0.99990168745887531010
9	0.00000378464430453071	0.00000454999767730962	0.99998566003468503105	0.99998239038388647693
10	0.00000036661832772994	0.00000023165863038558	0.99999660870126982903	0.99999807575316868036
11	0.00000000000000000000	0.00000000000000000000	1.00000000000000000000	1.00000000000000000000
12	0.00005250832617082478	0.00006102445531485338	0.99941889055838140088	0.99937476084150889122
13	0.02904340439972093180	0.02791691594666369583	0.87052788474621911607	0.87633571971077017793
14	0.00102659379243317606	0.00074535013100818985	0.96316527637614968160	0.96275502069891527590
15	0.00007008069932706837	0.00002329694633789164	0.99672011814040650801	0.99918679173767710466
16	0.00000349659989215147	0.00000321628406990038	0.99999211229449103122	0.99999392419491484052
17	0.02303389290075912033	0.02355961405552659677	0.94394840209967867395	0.94154316035332308310
18	0.00000210421735195302	0.00000185642269754546	0.99992681203144129221	0.99991542092837359945
19	0.00000701414335864841	0.00000369784120054564	0.99985003860331223002	0.99996361973432756898
