var_index	mse_mean	mse_median	corr_mean	corr_median
0	0.00498450187286438029	0.00493816319672994893	0.97208785061873892452	0.97254964223956874569
1	0.00365584934746851758	0.00373556075951262355	0.99396235718251169100	0.99399849003570173167
2	0.01046036728070075597	0.01031743268141438984	0.98484897491599932007	0.98416623339868913867
3	0.00889188218129249169	0.00853500430335235767	0.96988887501434650762	0.96847264088525519821
4	0.00586105474461897681	0.00500451883881821748	0.97307180566144413358	0.97656858591266837433
5	0.00379516430140318817	0.00361643444077599206	0.98172108674545821572	0.98291006304020223094
6	0.00470482507324420079	0.00367746275646242335	0.95312799968887507163	0.97031673472735235908
7	0.00468219894025706605	0.00437342720704284212	0.95073802647635829999	0.95027881899442079305
8	0.00171401635015666263	0.00168614562732533643	0.91448674871611912440	0.91075383857040947966
9	0.00583941591947569581	0.00471602911576945137	0.98402924852582729365	0.98757389672854989371
10	0.00434125656765789198	0.00310514102937712016	0.97449642964577642967	0.98115148572634314217
11	0.00305433582629490580	0.00308239365770654342	0.97999504490543709601	0.98134522170204341318
12	0.00492071765571961035	0.00410755977524003037	0.95069268395079065126	0.95486809063856781243
13	0.01269820883314608413	0.01072581009445520983	0.95368648587420790097	0.95999747668748658391
14	0.00398736015638138496	0.00379235553576442661	0.90155997223891126691	0.92369320336628013557
15	0.00244003821866298209	0.00226134271869836640	0.94331128376702277905	0.94529215078814066153
16	0.00567380082468567186	0.00519697559912036307	0.98407725509178578527	0.98592715252698281958
17	0.00585375801552240338	0.00592421680583940513	0.98277807567412489576	0.98250768393403853374
18	0.00281780143072073944	0.00295299255036377169	0.91445825557794646610	0.90681042358779306856
19	0.00131655060612965069	0.00135758848591884104	0.97500087579884342492	0.97443838718641528907
